700 1815
449 183 75
142 183 188
177 183 151
530 183 216
363 183 237
486 183 114
327 183 160
26 183 322
72 183 402
324 183 589
562 183 347
168 183 291
415 183 459
526 183 328
456 183 328
596 183 303
362 183 762
29 183 507
91 183 519
119 183 362
90 183 570
437 183 386
56 183 358
270 183 413
436 183 346
467 183 286
213 183 211
267 183 373
398 183 242
640 183 171
602 183 276
680 183 352
126 183 347
223 183 447
122 183 494
186 183 279
282 183 344
311 183 275
470 183 309
183 449 75
26 449 382
72 449 477
324 449 589
562 449 422
168 449 365
415 449 534
526 449 403
456 449 403
596 449 378
362 449 762
29 449 544
91 449 541
119 449 420
90 449 571
437 449 389
56 449 358
270 449 396
436 449 327
467 449 287
213 449 172
267 449 381
398 449 197
640 449 115
602 449 212
680 449 308
126 449 395
223 449 495
122 449 550
186 449 216
282 449 268
311 449 206
470 449 247
183 142 188
26 142 286
72 142 253
324 142 430
381 142 379
393 142 427
662 142 409
562 142 192
168 142 167
415 142 293
526 142 144
456 142 255
596 142 161
362 142 575
384 142 423
29 142 369
91 142 433
119 142 188
373 142 344
215 142 221
429 142 253
90 142 536
437 142 381
56 142 363
270 142 447
436 142 391
467 142 304
213 142 318
267 142 354
398 142 352
602 142 417
680 142 443
126 142 340
223 142 417
122 142 441
186 142 466
282 142 516
311 142 463
470 142 494
183 177 151
26 177 337
72 177 318
324 177 495
381 177 445
393 177 483
662 177 475
562 177 258
168 177 229
415 177 358
526 177 204
456 177 204
596 177 226
362 177 575
384 177 476
29 177 368
91 177 410
119 177 211
373 177 365
215 177 261
90 177 500
437 177 327
56 177 307
270 177 384
436 177 326
467 177 242
213 177 252
267 177 305
398 177 287
640 177 254
602 177 353
680 177 378
126 177 385
223 177 470
122 177 496
186 177 429
282 177 459
311 177 421
470 177 460
183 530 216
26 530 337
72 530 250
324 530 495
381 530 445
393 530 483
662 530 475
562 530 190
168 530 177
415 530 282
526 530 127
456 530 248
596 530 166
362 530 575
384 530 476
29 530 368
91 530 410
119 530 155
373 530 365
215 530 191
429 530 226
90 530 500
437 530 327
56 530 307
270 530 384
436 530 326
467 530 242
213 530 252
267 530 305
398 530 287
640 530 287
602 530 353
680 530 378
126 530 385
223 530 470
122 530 496
186 530 429
282 530 459
311 530 421
470 530 460
183 363 237
26 363 288
72 363 218
324 363 386
492 363 386
381 363 344
393 363 378
662 363 374
562 363 158
168 363 151
415 363 250
526 363 96
456 363 215
596 363 136
362 363 525
384 363 373
29 363 343
91 363 423
119 363 152
373 363 306
215 363 175
429 363 204
90 363 532
437 363 389
56 363 378
213 363 360
267 363 360
398 363 395
602 363 462
680 363 483
126 363 344
223 363 416
122 363 434
186 363 515
282 363 565
311 363 513
470 363 543
183 486 114
26 486 239
72 486 288
324 486 475
381 486 409
393 486 502
662 486 438
562 486 232
168 486 177
415 486 344
526 486 225
456 486 225
596 486 189
362 486 575
384 486 506
29 486 469
91 486 520
119 486 291
373 486 447
215 486 321
90 486 536
437 486 422
56 486 399
213 486 303
267 486 403
398 486 337
640 486 278
602 486 384
680 486 440
126 486 279
223 486 372
122 486 410
186 486 377
282 486 458
311 486 380
470 486 403
183 327 160
26 327 172
72 327 259
324 327 445
381 327 371
393 327 490
662 327 399
562 327 210
168 327 142
415 327 321
526 327 226
456 327 276
596 327 164
362 327 642
29 327 515
91 327 578
119 327 327
90 327 668
437 327 489
56 327 466
213 327 364
267 327 470
398 327 397
602 327 437
680 327 503
126 327 212
223 327 305
122 327 344
611 327 392
621 327 345
229 327 446
186 327 390
282 327 498
311 327 402
470 327 411
183 26 322
72 26 227
324 26 380
492 26 380
381 26 289
393 26 469
662 26 310
562 26 213
168 26 153
415 26 294
526 26 281
456 26 255
596 26 184
362 26 614
29 26 622
91 26 711
119 26 426
90 26 819
56 26 638
213 26 531
267 26 641
398 26 564
126 26 60
223 26 133
269 26 137
122 26 172
611 26 226
621 26 203
229 26 274
186 26 468
282 26 624
311 26 494
470 26 479
183 72 402
26 72 227
667 72 45
324 72 187
492 72 268
381 72 126
393 72 246
662 72 156
562 72 60
168 72 116
415 72 68
526 72 138
456 72 30
596 72 99
362 72 395
384 72 266
29 72 468
91 72 586
119 72 282
373 72 389
215 72 236
429 72 204
90 72 715
437 72 587
56 72 581
213 72 569
267 72 557
398 72 604
126 72 283
223 72 308
122 72 294
611 72 299
621 72 196
229 72 373
186 72 645
282 72 746
311 72 660
470 72 664
183 667 402
26 667 227
72 667 45
324 667 187
492 667 268
381 667 98
393 667 246
662 667 127
562 667 98
168 667 133
415 667 91
526 667 138
456 667 70
596 667 126
362 667 395
384 667 266
29 667 468
91 667 586
119 667 282
373 667 389
215 667 236
429 667 204
90 667 715
437 667 587
56 667 581
213 667 569
267 667 557
398 667 604
126 667 283
223 667 308
122 667 294
611 667 299
621 667 196
229 667 373
186 667 645
282 667 746
311 667 660
470 667 664
183 324 589
26 324 380
72 324 187
492 324 97
381 324 95
393 324 141
662 324 90
562 324 243
168 324 302
415 324 136
526 324 291
456 324 176
596 324 286
362 324 252
384 324 183
29 324 548
91 324 690
119 324 394
90 324 828
56 324 719
213 324 747
267 324 690
398 324 782
126 324 427
122 324 377
611 324 345
621 324 245
229 324 412
186 324 827
183 492 589
26 492 380
72 492 268
324 492 97
381 492 192
393 492 100
662 492 186
562 492 243
168 492 302
415 492 206
526 492 291
456 492 251
596 492 286
362 492 159
384 492 141
29 492 548
91 492 690
119 492 394
90 492 828
56 492 719
213 492 747
267 492 690
398 492 782
126 492 427
122 492 377
611 492 345
621 492 245
229 492 412
186 492 827
183 381 523
26 381 289
72 381 126
324 381 95
492 381 192
393 381 217
662 381 30
562 381 187
168 381 232
415 381 112
526 381 258
456 381 131
596 381 222
362 381 345
384 381 253
29 381 564
91 381 690
119 381 388
90 381 828
56 381 719
213 381 747
267 381 690
398 381 782
126 381 334
223 381 320
122 381 283
611 381 258
621 381 152
229 381 330
186 381 827
183 393 589
26 393 469
72 393 246
324 393 141
492 393 100
381 393 217
662 393 223
562 393 281
168 393 353
415 393 177
526 393 284
456 393 220
596 393 326
362 393 152
384 393 43
29 393 443
91 393 690
119 393 334
90 393 828
56 393 719
213 393 747
267 393 690
398 393 782
126 393 522
122 393 496
186 393 827
183 662 552
26 662 310
72 662 156
324 662 90
492 662 186
381 662 30
393 662 223
562 662 217
168 662 261
415 662 139
526 662 288
456 662 161
596 662 252
362 662 343
384 662 262
29 662 548
91 662 690
119 662 415
90 662 828
56 662 719
213 662 747
267 662 690
398 662 782
126 662 353
223 662 332
122 662 288
611 662 255
621 662 155
229 662 323
186 662 827
183 562 347
26 562 213
72 562 60
324 562 243
492 562 243
381 562 187
393 562 281
662 562 217
635 562 61
168 562 72
415 562 111
526 562 88
456 562 67
596 562 45
362 562 433
384 562 293
29 562 431
91 562 542
119 562 239
373 562 363
215 562 207
429 562 188
90 562 666
437 562 535
56 562 527
213 562 509
267 562 505
398 562 544
126 562 273
223 562 316
122 562 315
611 562 330
621 562 237
229 562 402
186 562 600
282 562 691
311 562 609
470 562 620
183 635 347
26 635 213
72 635 86
324 635 243
492 635 243
381 635 187
393 635 281
662 635 217
562 635 61
168 635 129
415 635 94
526 635 61
456 635 68
596 635 98
362 635 433
384 635 293
29 635 431
91 635 542
119 635 239
373 635 363
215 635 207
429 635 127
90 635 666
437 635 535
56 635 527
213 635 509
267 635 505
398 635 544
126 635 273
223 635 316
122 635 315
611 635 330
621 635 237
229 635 402
186 635 600
282 635 691
311 635 609
470 635 620
183 168 291
26 168 153
72 168 116
324 168 302
492 168 302
381 168 232
393 168 353
662 168 261
562 168 72
415 168 179
526 168 127
456 168 134
596 168 31
362 168 504
384 168 366
29 168 469
91 168 568
119 168 273
373 168 409
215 168 257
90 168 666
437 168 540
56 168 528
213 168 471
267 168 511
398 168 506
126 168 213
223 168 271
122 168 284
611 168 312
621 168 237
229 168 380
186 168 530
282 168 691
311 168 544
470 168 550
183 415 459
26 415 294
72 415 68
324 415 136
492 415 206
381 415 112
393 415 177
662 415 139
562 415 111
168 415 179
521 415 50
526 415 156
456 415 45
596 415 157
362 415 327
384 415 198
29 415 453
91 415 542
119 415 276
373 415 359
215 415 217
429 415 170
90 415 666
437 415 535
56 415 527
213 415 509
267 415 566
398 415 544
126 415 350
223 415 364
122 415 343
611 415 337
621 415 230
229 415 412
186 415 600
282 415 691
311 415 609
470 415 620
183 521 459
26 521 294
72 521 117
324 521 96
492 521 206
381 521 108
393 521 131
662 521 127
562 521 111
168 521 179
415 521 50
526 521 156
456 521 95
596 521 157
362 521 327
384 521 198
29 521 453
91 521 542
119 521 276
373 521 359
215 521 217
429 521 170
90 521 666
437 521 535
56 521 527
213 521 509
267 521 566
398 521 544
126 521 350
223 521 364
122 521 343
611 521 337
621 521 230
229 521 412
186 521 600
282 521 691
311 521 609
470 521 620
183 526 328
26 526 281
72 526 138
324 526 291
492 526 291
381 526 258
393 526 284
662 526 288
562 526 88
168 526 127
415 526 156
456 526 127
596 526 98
362 526 434
384 526 284
29 526 344
91 526 454
119 526 151
373 526 282
215 526 129
429 526 131
90 526 666
437 526 449
56 526 444
213 526 456
267 526 419
398 526 490
126 526 341
223 526 396
122 526 401
611 526 419
621 526 326
229 526 489
186 526 600
282 526 691
311 526 609
470 526 620
183 456 328
26 456 255
72 456 30
324 456 176
492 456 251
381 456 131
393 456 220
662 456 161
562 456 67
168 456 134
415 456 45
526 456 127
596 456 112
362 456 434
384 456 238
29 456 344
91 456 454
119 456 263
373 456 282
215 456 213
429 456 176
90 456 666
437 456 449
56 456 444
213 456 456
267 456 419
398 456 490
126 456 341
223 456 396
122 456 401
611 456 419
621 456 220
229 456 489
186 456 600
282 456 691
311 456 609
470 456 620
183 596 303
26 596 184
72 596 99
324 596 286
492 596 286
381 596 222
393 596 326
662 596 252
562 596 45
168 596 31
415 596 157
526 596 98
456 596 112
362 596 478
384 596 337
29 596 441
91 596 544
119 596 246
373 596 380
215 596 227
429 596 220
90 596 666
437 596 524
56 596 514
213 596 473
267 596 495
398 596 508
126 596 244
223 596 298
122 596 306
611 596 330
621 596 247
229 596 399
186 596 554
282 596 691
311 596 564
470 596 620
183 362 762
26 362 614
72 362 395
324 362 252
492 362 159
381 362 345
393 362 152
662 362 343
562 362 433
168 362 504
415 362 327
526 362 434
456 362 434
596 362 478
384 362 152
29 362 516
91 362 671
119 362 461
90 362 823
56 362 776
213 362 860
267 362 739
398 362 893
126 362 665
186 362 1028
183 384 611
26 384 493
72 384 266
324 384 183
492 384 141
381 384 253
393 384 43
662 384 262
562 384 293
168 384 366
415 384 198
526 384 284
456 384 238
596 384 337
362 384 152
29 384 409
91 384 560
119 384 314
90 384 710
437 384 635
56 384 639
213 384 710
267 384 605
398 384 742
126 384 548
122 384 528
186 384 882
183 29 507
26 29 622
72 29 468
324 29 548
381 29 564
393 29 443
662 29 548
562 29 431
168 29 469
415 29 453
526 29 344
456 29 344
596 29 441
362 29 516
384 29 409
91 29 154
119 29 195
373 29 117
215 29 236
429 29 285
90 29 306
437 29 284
56 29 302
270 29 377
436 29 387
467 29 326
213 29 478
267 29 260
398 29 496
126 29 680
186 29 757
282 29 718
311 29 738
470 29 789
183 91 519
26 91 711
72 91 586
324 91 690
562 91 542
362 91 671
29 91 154
473 91 121
119 91 304
373 91 271
215 91 366
90 91 152
437 91 186
56 91 215
270 91 261
436 91 294
467 91 268
213 91 424
267 91 176
398 91 433
602 91 512
680 91 411
126 91 767
186 91 738
282 91 651
311 91 709
470 91 771
183 473 556
26 473 711
72 473 586
324 473 690
562 473 542
362 473 671
29 473 276
91 473 121
119 473 407
90 473 30
437 473 172
56 473 203
270 473 202
436 473 259
467 473 274
213 473 414
267 473 183
398 473 413
602 473 483
680 473 362
126 473 767
186 473 738
282 473 651
311 473 709
470 473 771
183 119 362
26 119 426
72 119 282
324 119 394
381 119 388
393 119 334
662 119 415
562 119 239
168 119 273
415 119 276
526 119 151
456 119 263
596 119 246
362 119 461
384 119 314
29 119 195
91 119 304
373 119 156
215 119 77
429 119 137
90 119 435
437 119 326
56 119 328
270 119 419
436 119 398
467 119 310
213 119 410
267 119 296
398 119 441
602 119 518
680 119 500
126 119 485
122 119 552
186 119 637
282 119 636
311 119 623
470 119 668
183 373 516
26 373 563
72 373 389
324 373 439
381 373 465
393 373 329
662 373 487
562 373 363
168 373 409
415 373 359
526 373 282
456 373 282
596 373 380
362 373 402
384 373 293
29 373 117
91 373 271
119 373 156
215 373 156
429 373 189
90 373 423
437 373 376
56 373 388
213 373 531
267 373 348
398 373 556
126 373 485
122 373 552
186 373 637
282 373 636
311 373 623
470 373 668
183 215 407
26 215 410
72 215 236
324 215 325
492 215 325
381 215 329
393 215 257
662 215 355
562 215 207
168 215 257
415 215 217
526 215 129
456 215 213
596 215 227
362 215 386
384 215 238
29 215 236
91 215 366
119 215 77
373 215 156
429 215 61
90 215 504
437 215 402
56 215 404
213 215 479
267 215 372
398 215 511
126 215 470
122 215 522
186 215 686
282 215 703
311 215 682
470 215 715
183 429 441
26 429 401
72 429 204
324 429 267
492 429 283
381 429 279
393 429 196
662 429 302
562 429 188
168 429 251
415 429 170
526 429 131
456 429 176
596 429 220
362 429 330
384 429 180
29 429 285
91 429 423
119 429 137
373 429 189
215 429 61
90 429 564
437 429 463
56 429 465
213 429 530
267 429 433
398 429 563
126 429 461
122 429 497
186 429 686
282 429 703
311 429 682
470 429 715
183 90 570
26 90 819
72 90 715
324 90 828
562 90 666
362 90 823
29 90 306
91 90 152
119 90 435
437 90 183
56 90 213
270 90 198
436 90 259
467 90 285
213 90 418
267 90 198
398 90 415
602 90 482
680 90 356
126 90 874
186 90 735
282 90 614
311 90 701
470 90 766
183 437 386
26 437 661
72 437 587
324 437 720
562 437 535
362 437 769
29 437 284
91 437 186
119 437 326
90 437 183
56 437 31
270 437 95
436 437 108
459 437 162
535 437 67
467 437 101
213 437 245
267 437 30
398 437 249
640 437 249
602 437 326
680 437 226
126 437 701
186 437 563
282 437 464
311 437 531
470 437 595
183 56 358
26 56 638
72 56 581
324 56 719
562 56 527
362 56 776
29 56 302
91 56 215
119 56 328
90 56 213
437 56 31
270 56 92
436 56 84
459 56 135
535 56 61
467 56 72
213 56 214
267 56 42
398 56 219
640 56 280
602 56 297
680 56 203
126 56 677
186 56 532
282 56 435
311 56 500
470 56 563
183 270 413
26 270 638
72 270 581
324 270 719
562 270 527
362 270 776
29 270 377
91 270 261
119 270 419
90 270 198
437 270 95
56 270 92
436 270 69
459 270 125
535 270 30
467 270 142
213 270 231
267 270 125
398 270 222
640 270 222
602 270 284
680 270 159
126 270 677
186 270 542
282 270 416
311 270 506
470 270 563
183 436 346
26 436 638
72 436 581
324 436 719
562 436 527
362 436 776
29 436 387
91 436 294
119 436 398
90 436 259
437 436 108
56 436 84
270 436 69
459 436 60
535 436 61
467 436 94
213 436 162
267 436 127
398 436 155
640 436 231
602 436 224
680 436 118
126 436 677
186 436 476
282 436 361
311 436 441
470 436 507
183 459 346
26 459 638
72 459 581
324 459 719
562 459 527
362 459 776
29 459 387
91 459 294
119 459 398
90 459 259
437 459 162
56 459 135
270 459 125
436 459 60
535 459 121
467 459 112
213 459 108
267 459 176
398 459 96
640 459 176
602 459 165
680 459 79
126 459 677
186 459 476
282 459 361
311 459 441
470 459 507
183 535 346
26 535 638
72 535 581
324 535 719
562 535 527
362 535 776
29 535 387
91 535 243
119 535 398
90 535 198
437 535 67
56 535 61
270 535 30
436 535 61
459 535 121
467 535 115
213 535 221
267 535 95
398 535 216
640 535 155
602 535 285
680 535 169
126 535 677
186 535 476
282 535 361
311 535 441
470 535 507
183 467 286
26 467 568
72 467 540
324 467 719
562 467 484
362 467 776
29 467 326
91 467 268
119 467 310
90 467 285
437 467 101
56 467 72
270 467 142
436 467 94
459 467 112
535 467 115
213 467 158
267 467 94
398 467 171
640 467 219
602 467 255
680 467 190
126 467 677
186 467 470
282 467 393
311 467 441
470 467 503
183 213 211
26 213 531
72 213 569
324 213 747
562 213 509
362 213 860
29 213 478
91 213 424
119 213 410
90 213 418
437 213 245
56 213 214
270 213 231
436 213 162
459 213 108
535 213 221
467 213 158
267 213 248
398 213 34
640 213 68
602 213 110
680 213 141
126 213 558
122 213 704
186 213 317
282 213 241
311 213 286
470 213 349
183 267 373
26 267 641
72 267 557
324 267 690
562 267 505
362 267 739
29 267 260
91 267 176
119 267 296
373 267 348
215 267 372
90 267 198
437 267 30
56 267 42
270 267 125
436 267 127
459 267 176
535 267 95
467 267 94
213 267 248
398 267 256
640 267 256
602 267 336
680 267 245
126 267 682
186 267 564
282 267 475
311 267 534
470 267 596
183 398 242
26 398 564
72 398 604
324 398 782
562 398 544
362 398 893
29 398 496
91 398 433
119 398 441
90 398 415
437 398 249
56 398 219
270 398 222
436 398 155
459 398 96
535 398 216
467 398 171
213 398 34
267 398 256
640 398 85
602 398 84
680 398 111
126 398 589
122 398 736
186 398 320
282 398 221
311 398 285
470 398 351
183 640 171
26 640 564
72 640 604
324 640 782
562 640 544
362 640 893
29 640 496
91 640 433
119 640 441
90 640 415
437 640 249
56 640 280
270 640 222
436 640 231
459 640 176
535 640 155
467 640 219
213 640 68
267 640 256
398 640 85
602 640 106
680 640 194
126 640 589
122 640 736
186 640 251
282 640 206
311 640 222
470 640 284
183 602 276
26 602 564
72 602 604
324 602 782
562 602 544
362 602 893
29 602 496
91 602 512
119 602 518
90 602 482
437 602 326
56 602 297
270 602 284
436 602 224
459 602 165
535 602 285
467 602 255
213 602 110
267 602 336
398 602 84
640 602 106
680 602 137
126 602 589
122 602 736
186 602 269
282 602 138
311 602 229
470 602 297
183 680 352
26 680 564
72 680 604
324 680 782
562 680 544
362 680 893
29 680 504
91 680 411
119 680 500
90 680 356
437 680 226
56 680 203
270 680 159
436 680 118
459 680 79
535 680 169
467 680 190
213 680 141
267 680 245
398 680 111
640 680 194
602 680 137
126 680 589
122 680 736
186 680 406
282 680 259
311 680 366
470 680 434
183 126 347
26 126 60
72 126 283
324 126 427
381 126 334
393 126 522
662 126 353
562 126 273
168 126 213
415 126 350
526 126 341
456 126 341
596 126 244
362 126 665
29 126 680
91 126 767
119 126 485
90 126 874
223 126 100
269 126 87
122 126 157
611 126 221
621 126 227
229 126 254
186 126 448
282 126 620
311 126 479
470 126 454
183 223 447
26 223 133
72 223 308
324 223 416
381 223 320
393 223 527
662 223 332
562 223 316
168 223 271
415 223 364
526 223 396
456 223 396
596 223 298
362 223 663
29 223 740
91 223 838
119 223 544
90 223 948
126 223 100
269 223 43
122 223 67
611 223 134
621 223 182
229 223 155
186 223 533
282 223 712
311 223 565
470 223 538
183 269 432
26 269 137
72 269 336
324 269 455
381 269 359
393 269 562
662 269 371
562 269 337
168 269 286
415 269 396
526 269 414
456 269 414
596 269 315
362 269 663
29 269 740
91 269 838
119 269 560
90 269 948
126 269 87
223 269 43
122 269 109
611 269 176
621 269 225
229 269 187
186 269 496
282 269 712
311 269 529
470 269 499
183 122 494
26 122 172
72 122 294
324 122 377
492 122 377
381 122 283
393 122 496
662 122 288
562 122 315
168 122 284
415 122 343
526 122 401
456 122 401
596 122 306
362 122 628
29 122 745
91 122 851
119 122 552
90 122 967
126 122 157
223 122 67
269 122 109
611 122 67
621 122 133
229 122 102
186 122 599
282 122 777
311 122 631
470 122 605
183 611 547
26 611 226
72 611 299
324 611 345
492 611 345
381 611 258
393 611 476
662 611 255
562 611 330
168 611 312
415 611 337
526 611 419
456 611 419
596 611 330
362 611 628
29 611 745
91 611 851
119 611 570
90 611 967
126 611 221
223 611 134
269 611 176
122 611 67
621 611 108
229 611 74
186 611 599
282 611 777
311 611 631
470 611 605
183 621 505
26 621 203
72 621 196
324 621 245
492 621 245
381 621 152
393 621 369
662 621 155
562 621 237
168 621 237
415 621 230
526 621 326
456 621 220
596 621 247
362 621 497
384 621 403
29 621 745
91 621 851
119 621 476
90 621 967
126 621 227
223 621 182
122 621 133
611 621 108
229 621 182
186 621 599
282 621 777
311 621 631
470 621 605
183 229 596
26 229 274
72 229 373
324 229 412
381 229 330
393 229 546
662 229 323
562 229 402
168 229 380
415 229 412
526 229 489
456 229 489
596 229 399
362 229 664
29 229 833
90 229 1063
126 229 254
223 229 155
269 229 187
122 229 102
611 229 74
621 229 182
186 229 675
282 229 859
311 229 710
470 229 678
183 186 279
26 186 468
72 186 645
324 186 827
562 186 600
362 186 1028
29 186 757
91 186 738
119 186 637
90 186 735
437 186 563
56 186 532
213 186 317
267 186 564
398 186 320
640 186 251
602 186 269
680 186 406
126 186 448
122 186 599
558 186 132
282 186 199
311 186 42
470 186 32
183 558 225
26 558 337
72 558 526
324 558 827
562 558 487
362 558 1028
29 558 757
91 558 738
119 558 637
90 558 735
437 558 563
56 558 553
213 558 353
267 558 564
398 558 368
602 558 344
680 558 471
126 558 315
223 558 400
122 558 466
186 558 132
282 558 316
311 558 165
470 558 142
183 282 344
26 282 624
72 282 746
324 282 933
562 282 691
362 282 1082
29 282 718
91 282 651
119 282 636
90 282 614
437 282 464
56 282 435
213 282 241
267 282 475
398 282 221
640 282 206
602 282 138
680 282 259
126 282 620
122 282 777
186 282 199
311 282 157
470 282 216
183 311 275
26 311 494
72 311 660
324 311 845
562 311 609
362 311 1034
29 311 738
91 311 709
119 311 623
90 311 701
437 311 531
56 311 500
213 311 286
267 311 534
398 311 285
640 311 222
602 311 229
680 311 366
126 311 479
122 311 631
186 311 42
282 311 157
470 311 67
183 470 309
26 470 479
72 470 664
324 470 844
562 470 620
362 470 1053
29 470 789
90 470 766
56 470 563
213 470 349
267 470 596
398 470 351
602 470 297
680 470 434
126 470 454
122 470 605
186 470 32
282 470 216
311 470 67
